% Mätning av betastrålning från Na-25.
% Första kolumnen ger tid i sekunder
% Andra kolumnen ger antal detekterade sönderfall per sekund.
0.0 456
1.0 464
2.0 504
3.0 440
4.0 439
5.0 415
6.0 450
7.0 442
8.0 451
9.0 419
10.0 421
11.0 415
12.0 449
13.0 387
14.0 385
15.0 391
16.0 360
17.0 382
18.0 395
19.0 378
20.0 383
21.0 359
22.0 351
23.0 359
24.0 350
25.0 367
26.0 351
27.0 338
28.0 315
29.0 317
30.0 334
31.0 320
32.0 345
33.0 330
34.0 287
35.0 310
36.0 329
37.0 297
38.0 285
39.0 309
40.0 291
41.0 305
42.0 287
43.0 271
44.0 259
45.0 275
46.0 281
47.0 254
48.0 284
49.0 254
50.0 290
51.0 280
52.0 241
53.0 243
54.0 258
55.0 227
56.0 229
57.0 237
58.0 242
59.0 225
60.0 217
61.0 231
62.0 225
63.0 226
64.0 205
65.0 219
66.0 186
67.0 208
68.0 209
69.0 214
70.0 206
71.0 217
72.0 195
73.0 175
74.0 207
75.0 190
76.0 206
77.0 192
78.0 177
79.0 172
80.0 170
81.0 195
82.0 164
83.0 187
84.0 175
85.0 155
86.0 181
87.0 179
88.0 156
89.0 158
90.0 177
91.0 161
92.0 151
93.0 170
94.0 179
95.0 159
96.0 157
97.0 149
98.0 150
99.0 166
100.0 143
101.0 163
102.0 131
103.0 153
104.0 142
105.0 135
106.0 116
107.0 129
108.0 120
109.0 156
110.0 119
111.0 117
112.0 148
113.0 115
114.0 130
115.0 111
116.0 106
117.0 128
118.0 126
119.0 118
120.0 120
121.0 108
122.0 113
123.0 113
124.0 101
125.0 113
126.0 98
127.0 98
128.0 87
129.0 114
130.0 108
131.0 88
132.0 100
133.0 92
134.0 94
135.0 100
136.0 109
137.0 98
138.0 102
139.0 88
140.0 83
141.0 96
142.0 99
143.0 91
144.0 88
145.0 88
146.0 83
147.0 89
148.0 65
149.0 76
150.0 71
151.0 81
152.0 72
153.0 79
154.0 80
155.0 85
156.0 76
157.0 61
158.0 69
159.0 67
160.0 75
161.0 66
162.0 71
163.0 73
164.0 84
165.0 56
166.0 63
167.0 64
168.0 53
169.0 65
170.0 64
171.0 82
172.0 65
173.0 66
174.0 48
175.0 46
176.0 50
177.0 46
178.0 56
179.0 57
