# Uppmätt ström i en spole.
# Första kolumnen ger tiden i ms.
# Andra kolumnen ger magnetiska flödet i mA.
0.00000 0.00000
0.02004 0.35856
0.04008 0.71284
0.06012 1.06288
0.08016 1.40874
0.10020 1.75046
0.12024 2.08810
0.14028 2.42171
0.16032 2.75132
0.18036 3.07700
0.20040 3.39878
0.22044 3.71672
0.24048 4.03086
0.26052 4.34125
0.28056 4.64792
0.30060 4.95093
0.32064 5.25032
0.34068 5.54613
0.36072 5.83840
0.38076 6.12718
0.40080 6.41251
0.42084 6.69443
0.44088 6.97298
0.46092 7.24820
0.48096 7.52013
0.50100 7.78881
0.52104 8.05428
0.54108 8.31658
0.56112 8.57574
0.58116 8.83180
0.60120 9.08480
0.62124 9.33478
0.64128 9.58178
0.66132 9.82582
0.68136 10.06694
0.70140 10.30518
0.72144 10.54057
0.74148 10.77315
0.76152 11.00295
0.78156 11.23001
0.80160 11.45435
0.82164 11.67600
0.84168 11.89501
0.86172 12.11141
0.88176 12.32521
0.90180 12.53646
0.92184 12.74519
0.94188 12.95142
0.96192 13.15518
0.98196 13.35651
1.00200 13.55544
1.02204 13.75198
1.04208 13.94618
1.06212 14.13806
1.08216 14.32764
1.10220 14.51495
1.12224 14.70003
1.14228 14.88290
1.16232 15.06358
1.18236 15.24210
1.20240 15.41849
1.22244 15.59277
1.24248 15.76496
1.26253 15.93510
1.28257 16.10320
1.30261 16.26930
1.32265 16.43341
1.34269 16.59556
1.36273 16.75577
1.38277 16.91406
1.40281 17.07047
1.42285 17.22500
1.44289 17.37769
1.46293 17.52855
1.48297 17.67761
1.50301 17.82489
1.52305 17.97041
1.54309 18.11418
1.56313 18.25624
1.58317 18.39661
1.60321 18.53529
1.62325 18.67232
1.64329 18.80771
1.66333 18.94148
1.68337 19.07365
1.70341 19.20424
1.72345 19.33327
1.74349 19.46076
1.76353 19.58673
1.78357 19.71119
1.80361 19.83416
1.82365 19.95566
1.84369 20.07571
1.86373 20.19433
1.88377 20.31153
1.90381 20.42732
1.92385 20.54174
1.94389 20.65478
1.96393 20.76648
1.98397 20.87684
2.00401 20.98588
2.02405 21.09361
2.04409 21.20006
2.06413 21.30524
2.08417 21.40916
2.10421 21.51184
2.12425 21.61329
2.14429 21.71353
2.16433 21.81257
2.18437 21.91043
2.20441 22.00711
2.22445 22.10264
2.24449 22.19703
2.26453 22.29029
2.28457 22.38244
2.30461 22.47349
2.32465 22.56344
2.34469 22.65233
2.36473 22.74015
2.38477 22.82692
2.40481 22.91265
2.42485 22.99736
2.44489 23.08105
2.46493 23.16375
2.48497 23.24546
2.50501 23.32619
2.52505 23.40595
2.54509 23.48477
2.56513 23.56264
2.58517 23.63958
2.60521 23.71560
2.62525 23.79071
2.64529 23.86492
2.66533 23.93825
2.68537 24.01070
2.70541 24.08228
2.72545 24.15301
2.74549 24.22289
2.76553 24.29194
2.78557 24.36017
2.80561 24.42757
2.82565 24.49418
2.84569 24.55998
2.86573 24.62500
2.88577 24.68924
2.90581 24.75272
2.92585 24.81543
2.94589 24.87740
2.96593 24.93862
2.98597 24.99912
3.00601 25.05889
3.02605 25.11795
3.04609 25.17630
3.06613 25.23395
3.08617 25.29091
3.10621 25.34720
3.12625 25.40281
3.14629 25.45775
3.16633 25.51204
3.18637 25.56568
3.20641 25.61868
3.22645 25.67105
3.24649 25.72279
3.26653 25.77391
3.28657 25.82442
3.30661 25.87433
3.32665 25.92364
3.34669 25.97236
3.36673 26.02050
3.38677 26.06806
3.40681 26.11505
3.42685 26.16149
3.44689 26.20736
3.46693 26.25269
3.48697 26.29748
3.50701 26.34174
3.52705 26.38546
3.54709 26.42866
3.56713 26.47134
3.58717 26.51352
3.60721 26.55519
3.62725 26.59636
3.64729 26.63704
3.66733 26.67724
3.68737 26.71695
3.70741 26.75619
3.72745 26.79496
3.74749 26.83327
3.76754 26.87112
3.78758 26.90851
3.80762 26.94546
3.82766 26.98197
3.84770 27.01804
3.86774 27.05368
3.88778 27.08890
3.90782 27.12369
3.92786 27.15807
3.94790 27.19204
3.96794 27.22560
3.98798 27.25876
4.00802 27.29152
4.02806 27.32389
4.04810 27.35588
4.06814 27.38748
4.08818 27.41870
4.10822 27.44956
4.12826 27.48004
4.14830 27.51016
4.16834 27.53992
4.18838 27.56932
4.20842 27.59837
4.22846 27.62708
4.24850 27.65544
4.26854 27.68346
4.28858 27.71115
4.30862 27.73850
4.32866 27.76553
4.34870 27.79224
4.36874 27.81863
4.38878 27.84470
4.40882 27.87046
4.42886 27.89591
4.44890 27.92106
4.46894 27.94591
4.48898 27.97046
4.50902 27.99471
4.52906 28.01868
4.54910 28.04236
4.56914 28.06576
4.58918 28.08888
4.60922 28.11172
4.62926 28.13429
4.64930 28.15659
4.66934 28.17862
4.68938 28.20039
4.70942 28.22190
4.72946 28.24315
4.74950 28.26415
4.76954 28.28490
4.78958 28.30539
4.80962 28.32565
4.82966 28.34566
4.84970 28.36543
4.86974 28.38497
4.88978 28.40427
4.90982 28.42334
4.92986 28.44219
4.94990 28.46081
4.96994 28.47920
4.98998 28.49738
5.01002 28.51534
5.03006 28.53309
5.05010 28.55062
5.07014 28.56794
5.09018 28.58506
5.11022 28.60197
5.13026 28.61868
5.15030 28.63519
5.17034 28.65150
5.19038 28.66762
5.21042 28.68354
5.23046 28.69928
5.25050 28.71482
5.27054 28.73018
5.29058 28.74536
5.31062 28.76036
5.33066 28.77517
5.35070 28.78981
5.37074 28.80428
5.39078 28.81857
5.41082 28.83269
5.43086 28.84664
5.45090 28.86042
5.47094 28.87404
5.49098 28.88750
5.51102 28.90080
5.53106 28.91394
5.55110 28.92692
5.57114 28.93974
5.59118 28.95241
5.61122 28.96494
5.63126 28.97731
5.65130 28.98953
5.67134 29.00161
5.69138 29.01354
5.71142 29.02533
5.73146 29.03698
5.75150 29.04849
5.77154 29.05986
5.79158 29.07110
5.81162 29.08220
5.83166 29.09317
5.85170 29.10401
5.87174 29.11472
5.89178 29.12530
5.91182 29.13575
5.93186 29.14608
5.95190 29.15629
5.97194 29.16637
5.99198 29.17634
6.01202 29.18618
6.03206 29.19591
6.05210 29.20552
6.07214 29.21501
6.09218 29.22440
6.11222 29.23367
6.13226 29.24283
6.15230 29.25188
6.17234 29.26082
6.19238 29.26965
6.21242 29.27838
6.23246 29.28701
6.25251 29.29553
6.27255 29.30395
6.29259 29.31227
6.31263 29.32049
6.33267 29.32861
6.35271 29.33663
6.37275 29.34456
6.39279 29.35239
6.41283 29.36013
6.43287 29.36778
6.45291 29.37534
6.47295 29.38280
6.49299 29.39018
6.51303 29.39747
6.53307 29.40467
6.55311 29.41179
6.57315 29.41882
6.59319 29.42576
6.61323 29.43263
6.63327 29.43941
6.65331 29.44611
6.67335 29.45273
6.69339 29.45927
6.71343 29.46573
6.73347 29.47212
6.75351 29.47843
6.77355 29.48466
6.79359 29.49082
6.81363 29.49691
6.83367 29.50292
6.85371 29.50886
6.87375 29.51473
6.89379 29.52053
6.91383 29.52626
6.93387 29.53192
6.95391 29.53752
6.97395 29.54305
6.99399 29.54851
7.01403 29.55390
7.03407 29.55924
7.05411 29.56450
7.07415 29.56971
7.09419 29.57485
7.11423 29.57993
7.13427 29.58495
7.15431 29.58991
7.17435 29.59482
7.19439 29.59966
7.21443 29.60444
7.23447 29.60917
7.25451 29.61384
7.27455 29.61846
7.29459 29.62302
7.31463 29.62752
7.33467 29.63197
7.35471 29.63637
7.37475 29.64072
7.39479 29.64501
7.41483 29.64926
7.43487 29.65345
7.45491 29.65759
7.47495 29.66168
7.49499 29.66573
7.51503 29.66972
7.53507 29.67367
7.55511 29.67757
7.57515 29.68142
7.59519 29.68523
7.61523 29.68899
7.63527 29.69271
7.65531 29.69638
7.67535 29.70001
7.69539 29.70360
7.71543 29.70714
7.73547 29.71064
7.75551 29.71410
7.77555 29.71752
7.79559 29.72089
7.81563 29.72423
7.83567 29.72752
7.85571 29.73078
7.87575 29.73400
7.89579 29.73718
7.91583 29.74032
7.93587 29.74342
7.95591 29.74649
7.97595 29.74952
7.99599 29.75251
8.01603 29.75547
8.03607 29.75839
8.05611 29.76128
8.07615 29.76413
8.09619 29.76695
8.11623 29.76974
8.13627 29.77249
8.15631 29.77521
8.17635 29.77790
8.19639 29.78055
8.21643 29.78317
8.23647 29.78577
8.25651 29.78833
8.27655 29.79086
8.29659 29.79336
8.31663 29.79583
8.33667 29.79827
8.35671 29.80068
8.37675 29.80306
8.39679 29.80541
8.41683 29.80774
8.43687 29.81004
8.45691 29.81231
8.47695 29.81455
8.49699 29.81677
8.51703 29.81896
8.53707 29.82112
8.55711 29.82326
8.57715 29.82537
8.59719 29.82746
8.61723 29.82952
8.63727 29.83156
8.65731 29.83357
8.67735 29.83556
8.69739 29.83753
8.71743 29.83947
8.73747 29.84139
8.75752 29.84328
8.77756 29.84516
8.79760 29.84701
8.81764 29.84884
8.83768 29.85064
8.85772 29.85243
8.87776 29.85419
8.89780 29.85593
8.91784 29.85766
8.93788 29.85936
8.95792 29.86104
8.97796 29.86270
8.99800 29.86434
9.01804 29.86596
9.03808 29.86756
9.05812 29.86915
9.07816 29.87071
9.09820 29.87226
9.11824 29.87378
9.13828 29.87529
9.15832 29.87678
9.17836 29.87825
9.19840 29.87971
9.21844 29.88115
9.23848 29.88257
9.25852 29.88397
9.27856 29.88536
9.29860 29.88673
9.31864 29.88808
9.33868 29.88942
9.35872 29.89074
9.37876 29.89205
9.39880 29.89334
9.41884 29.89461
9.43888 29.89587
9.45892 29.89712
9.47896 29.89835
9.49900 29.89956
9.51904 29.90076
9.53908 29.90195
9.55912 29.90312
9.57916 29.90428
9.59920 29.90542
9.61924 29.90655
9.63928 29.90767
9.65932 29.90877
9.67936 29.90986
9.69940 29.91094
9.71944 29.91200
9.73948 29.91306
9.75952 29.91410
9.77956 29.91512
9.79960 29.91614
9.81964 29.91714
9.83968 29.91813
9.85972 29.91911
9.87976 29.92007
9.89980 29.92103
9.91984 29.92197
9.93988 29.92291
9.95992 29.92383
9.97996 29.92474
10.00000 29.92564
